0.076864
0.0482194
0.0252631
0.086172
0.0329712
0.0309512
0.0478352
0.0413968
0.0577992
0.05844
0.0102719
0.0882632
0.0615287
0.0412771
0.0433005
0.065049
0.0442206
0.069697
0.0513478
0.0613037
0.0480847
0.0721745
0.0790023
0.0767259
0.0530906
0.0402166
0.0566345
0.0927987
0.0306879
0.0779005
0.0555194
0.0441803
0.112032
0.0783045
0.0877121
0.0644393
0.0824128
0.0553242
0.0345617
0.0455642
0.0680636
0.0836441
0.0863606
0.0151335
0.102564
0.0523801
0.0555288
0.0821954
0.0713395
0.0699239
0.0260308
0.0626382
0.0816071
0.0387625
0.0411403
0.0701082
0.03935
0.0347712
0.0571679
0.0445282
