0.000664292
0.000704299
0.000641916
0.000448521
0.00108167
0.000740558
0.000592379
0.00111748
0.00100298
0.000746234
-0.000170503
0.000614374
0.000836948
0.000820355
0.000497711
0.000483722
0.00074458
0.000584296
-0.000134325
0.00121143
0.000990817
0.00100187
0.000735242
0.00102207
0.00093227
0.000960834
0.00041102
0.000709084
0.000661657
0.000606656
0.000257637
0.000805764
0.00071608
0.000955773
0.000577869
0.000606794
0.000851731
0.000899698
0.000843967
0.000245068
0.000588639
0.000569444
0.0007165
-9.34959e-05
0.000965148
0.000414332
0.000419403
0.000257324
0.0010596
0.000539719
0.000672658
0.000640801
0.000737559
0.00061475
0.000594061
0.000401426
0.000713852
0.000532991
0.000809007
0.000941021
