0.0784445
0.0452135
0.0323169
0.0498766
0.0605474
0.0535217
0.0497049
0.0751073
0.0686061
0.058409
0.054907
0.0208725
0.0297172
0.0724021
0.0400801
0.0532955
0.0517042
0.0573256
0.0576758
0.0584077
0.0675609
0.0741626
0.0455633
0.0322442
0.077068
0.0265149
0.0482159
0.0842756
0.0642551
0.063387
0.0305123
0.0843787
0.0378449
0.0322555
0.0403241
0.0211343
0.00976704
0.0743373
0.0677068
0.0696544
0.0292724
0.0456752
0.0645138
0.0444174
0.0611565
0.0369963
0.067196
0.089252
0.0787079
0.0561856
0.0537151
0.0529015
0.0968767
0.0321002
0.0893231
0.0262218
0.0301327
0.0494271
0.0036449
0.0398854
