0.0372658
0.0324558
0.0546832
0.0704043
0.0684219
0.0389449
0.0489347
0.0374473
0.0737092
0.0528543
0.0474346
0.0754726
0.0864716
0.0772864
0.0672407
0.025589
0.0566988
0.0633768
0.0403267
0.0469013
0.0458088
0.0355605
0.0552079
0.00945814
0.0677042
0.0652598
0.0536442
0.0567932
0.0435126
0.0853967
0.0610923
0.0646451
0.0479722
0.0684095
0.0545282
0.0626962
0.089012
0.0590575
0.0591111
0.0251686
0.0402816
0.0592603
0.018899
0.0371284
0.0788151
0.0314944
0.0879133
0.0406025
0.0509107
0.045137
0.0457658
0.0568962
0.0715066
0.0544631
0.0617627
0.0650748
0.0523173
0.0385165
0.0815239
0.0118521
