0.000566809
0.000695085
0.000614879
0.000724517
0.000932582
0.000560369
0.000107107
0.000516333
0.000654571
0.000968321
0.000342785
0.000646317
0.000399109
0.000283884
0.000101224
0.000951017
0.000998798
0.000415942
0.000330719
0.000998241
0.00045414
0.000434571
0.000716203
0.000579649
0.000871189
0.000708437
0.000841327
0.000679527
0.00066344
0.000366948
0.00111148
0.000554219
0.00112195
0.00108146
0.00057958
0.000742275
0.000847165
0.000629568
0.000129776
0.000437644
0.000669364
0.000721826
0.000871712
0.00027988
0.000719933
0.000714854
0.00022765
0.00064133
0.000604398
0.00070537
0.000587971
0.000451364
0.000950956
0.000535472
0.000577448
0.000637681
0.000607439
0.000902679
0.000910237
0.000984985
