0.0622358
0.0501977
0.0904687
0.0833155
0.0425569
0.070045
0.0435511
0.092626
0.0734884
0.0524364
0.0569095
0.0868193
0.0597736
0.0595709
0.0703742
0.0364252
0.0628989
0.0709041
0.0794188
0.0384848
0.0578263
0.0445471
0.0577139
0.0644601
0.0717569
0.085643
0.070365
0.057972
0.0951471
0.0546462
0.024878
0.0634913
0.0648676
0.0797181
0.0372477
0.064627
0.0419668
0.0802088
0.0845535
0.060262
0.0590122
0.0511648
0.0346087
0.0683125
0.0818096
0.0569111
0.0521041
0.0307435
0.0519845
0.0509196
0.0767247
0.070961
0.0220711
0.064182
0.085313
0.0712472
0.0342527
0.052413
0.0721084
0.0709369
